 8
 1
 8
 68
 96
 0
 55
 03
 26
 6
 92
 17
 90
 86
 58
 61
 66
 85
 33
 4
 35
 9
 38
 69
 62
 7
 17
 54
 03
 8
 69
 83
 39
 01
 57
 27
 26
 60
 29
 71
 50
 00
 85
 71
 63
 15
 08
 36
 69
 75
 22
 98
 61
 01
 32
 63
 99
 61
 81
 70
 69
 93
 09
 93
 95
 63
 03
 51
 14
 93
 52
 01
 28
 11
 62
 1
 34
 21
 544
 57
 66
 26
 82
 24
 54
 88
 38
 7
 20
 59
 70
 82
 23
 8
 39
 98
 54
 11
 77
 02
 82
 71
 54
 76
 66
 86
 06
 37
 71
 6
 66
 05
 66
 89
 32
 05
 11
 79
 8
 77
 83
 64
 12
 63
 544
 20
 30
 09
 90
 69
 7
 83
 38
 1
 544
 64
 00
 61
 61
 32
 54
 09
 08
 12
 67
 54
 08
 7
 08
 12
 78
 23
 55
 57
 22
 24
 98
 94
 78
 21
 89
 55
 34
 25
 58
 83
 22
 94
 92
 05
 84
 08
 97
 55
 12
 53
 84
 84
 98
 57
 03
 76
 94
 05
 24
 21
 72
 2
 21
 17
 14
 29
 77
 30
 01
 72
 88
 18
 36
 14
 82
 10
 59
 02
 2
 55
 23
 08
 24
 98
 37
 22
 7
 30
 21
 77
 97
 38
 91
 11
 4
 60
 6
 93
 92
 94
 1
 96
 23
 14
 83
 9
 57
 82
 99
 53
 14
 86
 99
 544
 29
 04
 39
 28
 34
 15
 90
 98
 24
 36
 51
 544
 51
 87
 98
 60
 8
 9
 51
 93
 20
 23
 19
 74
 32
 26
 60
 70
 94
 33
 29
 90
 06
 20
 89
 75
 34
 544
 83
 20
 13
 28
 11
 25
 70
 82
 4
 58
 05
 03
 16
 85
 18
 72
 68
 89
 70
 38
 16
 9
 
