4
7
4
24
52
6
11
69
82
2
58
73
56
42
14
27
22
41
99
0
91
5
94
25
28
3
73
10
69
4
25
49
95
67
13
83
82
26
85
37
16
66
41
37
29
71
64
92
25
31
88
54
27
67
98
29
55
27
47
36
25
59
65
59
51
29
69
17
70
59
18
67
84
77
28
7
90
87
100
13
22
82
48
80
10
44
94
3
86
15
36
48
89
4
95
54
10
77
33
68
48
37
10
32
22
42
62
93
37
2
22
61
22
45
98
61
77
35
4
33
49
20
78
29
100
86
96
65
56
25
3
49
94
7
100
20
66
27
27
98
10
65
64
78
23
10
64
3
64
78
34
89
11
13
88
80
54
50
34
87
45
11
90
81
14
49
88
50
58
61
40
64
53
11
78
19
40
40
54
13
69
32
50
61
80
87
38
8
87
73
70
85
33
96
67
38
44
74
92
70
48
76
15
68
8
11
89
64
80
54
93
88
3
96
87
33
53
94
57
77
0
26
2
59
58
50
7
52
89
70
49
5
13
48
55
19
70
42
55
100
85
60
95
84
90
71
56
54
80
92
17
100
17
43
54
26
4
5
17
59
86
89
75
30
98
82
26
36
50
99
85
56
62
86
45
31
90
100
49
86
79
84
77
81
36
48
0
14
61
69
72
41
74
38
24
45
36
94
72
5
